# nucleosome dinucleotide model
# from to transition_prob
1 2 1.0
2 3 1.0
3 4 1.0
4 5 1.0
5 6 1.0
6 7 1.0
7 8 1.0
8 9 1.0
# 1 branched background state
9 10 0.3088
9 11 0.1868
9 12 0.203
9 13 0.3014
10 14 0.35038860103626945
10 15 0.18393782383419688
10 16 0.21178756476683938
10 17 0.2538860103626943
11 14 0.3286937901498929
11 15 0.17880085653104924
11 16 0.18308351177730192
11 17 0.3094218415417559
12 14 0.316256157635468
12 15 0.20295566502463055
12 16 0.20492610837438424
12 17 0.27586206896551724
13 14 0.28268082282680823
13 15 0.20504313205043131
13 16 0.20039814200398143
13 17 0.31187790311877905
14 18 0.32163009404388715
14 19 0.1793103448275862
14 20 0.22695924764890282
14 21 0.2721003134796238
15 18 0.30434782608695654
15 19 0.2236024844720497
15 20 0.17908902691511386
15 21 0.29296066252587993
16 18 0.30753968253968256
16 19 0.20833333333333334
16 20 0.22817460317460317
16 21 0.25595238095238093
17 18 0.2774283717679944
17 19 0.21174004192872117
17 20 0.22851153039832284
17 21 0.28232005590496156
18 22 0.30184940554821665
18 23 0.19418758256274768
18 24 0.24702774108322326
18 25 0.2569352708058124
19 22 0.3369458128078818
19 23 0.20098522167487684
19 24 0.1724137931034483
19 25 0.2896551724137931
20 22 0.29395604395604397
20 23 0.24358974358974358
20 24 0.19139194139194138
20 25 0.27106227106227104
21 22 0.2683103698332125
21 23 0.20667150108774474
21 24 0.23567802755620015
21 25 0.2893401015228426
22 26 0.36711409395973155
22 27 0.17248322147651007
22 28 0.19798657718120805
22 29 0.26241610738255033
23 26 0.35843660629170637
23 27 0.18589132507149667
23 28 0.1563393708293613
23 29 0.29933269780743565
24 26 0.32594644506001846
24 27 0.20683287165281625
24 28 0.1819021237303786
24 29 0.2853185595567867
25 26 0.27213352685050796
25 27 0.1748911465892598
25 28 0.2358490566037736
25 29 0.31712626995645865
26 30 0.36281041792852814
26 31 0.15021199273167776
26 32 0.20411871592973954
26 33 0.2828588734100545
27 30 0.386041439476554
27 31 0.1777535441657579
27 32 0.14285714285714285
27 33 0.29334787350054525
28 30 0.3109072375127421
28 31 0.21100917431192662
28 32 0.2130479102956167
28 33 0.2650356778797146
29 30 0.2991040661612681
29 31 0.16815988973121984
29 32 0.20192970365265334
29 33 0.33080634045485874
30 34 0.4231678486997636
30 35 0.13534278959810875
30 36 0.16725768321513002
30 37 0.27423167848699764
31 34 0.3503480278422274
31 35 0.16589327146171692
31 36 0.15893271461716937
31 37 0.3248259860788863
32 34 0.3649484536082474
32 35 0.18453608247422681
32 36 0.17835051546391753
32 37 0.2721649484536082
33 34 0.29065040650406504
33 35 0.1714092140921409
33 36 0.16531165311653118
33 37 0.37262872628726285
34 38 0.40199888950583007
34 39 0.13825652415324818
34 40 0.14991671293725709
34 41 0.30982787340366463
35 38 0.39552238805970147
35 39 0.1455223880597015
35 40 0.14054726368159204
35 41 0.31840796019900497
36 38 0.33811230585424135
36 39 0.18876941457586618
36 40 0.16129032258064516
36 41 0.3118279569892473
37 38 0.31450577663671375
37 39 0.168806161745828
37 40 0.14890885750962773
37 41 0.36777920410783055
38 42 0.39118457300275483
38 43 0.13663911845730028
38 44 0.19118457300275482
38 45 0.2809917355371901
39 42 0.3570520965692503
39 43 0.16010165184243966
39 44 0.14612452350698857
39 45 0.33672172808132145
40 42 0.38
40 43 0.18933333333333333
40 44 0.156
40 45 0.27466666666666667
41 42 0.3246359223300971
41 43 0.14016990291262135
41 44 0.16140776699029127
41 45 0.3737864077669903
42 46 0.36333517393705134
42 47 0.16068470458310327
42 48 0.20099392600773053
42 49 0.27498619547211484
43 46 0.36412315930388217
43 47 0.17804551539491298
43 48 0.11512717536813923
43 49 0.3427041499330656
44 46 0.3301775147928994
44 47 0.1940828402366864
44 48 0.19881656804733727
44 49 0.27692307692307694
45 46 0.2736380713838447
45 47 0.1759549154664997
45 48 0.18409517845961176
45 49 0.36631183469004386
46 50 0.36391251518833534
46 51 0.17375455650060753
46 52 0.201093560145808
46 53 0.26123936816524906
47 50 0.35903337169159955
47 51 0.16800920598388952
47 52 0.13003452243958574
47 53 0.3429228998849252
48 50 0.33881578947368424
48 51 0.20833333333333334
48 52 0.20833333333333334
48 53 0.24451754385964913
49 50 0.3293070565797839
49 51 0.1888111888111888
49 52 0.17546090273363002
49 53 0.3064208518753973
50 54 0.33256616800920596
50 55 0.1812428078250863
50 56 0.24856156501726123
50 57 0.2376294591484465
51 54 0.367791077257889
51 55 0.18498367791077258
51 56 0.14472252448313383
51 57 0.3025027203482046
52 54 0.3230769230769231
52 55 0.21868131868131868
52 56 0.1879120879120879
52 57 0.2703296703296703
53 54 0.30146545708304257
53 55 0.19678995115143055
53 56 0.2288904396371249
53 57 0.27285415212840197
54 58 0.3489646772228989
54 59 0.1723507917174178
54 60 0.24299634591961022
54 61 0.2356881851400731
55 58 0.31262939958592134
55 59 0.2236024844720497
55 60 0.16045548654244307
55 61 0.3033126293995859
56 58 0.33270676691729323
56 59 0.22838345864661655
56 60 0.20488721804511278
56 61 0.23402255639097744
57 58 0.29518072289156627
57 59 0.20406626506024098
57 60 0.20783132530120482
57 61 0.29292168674698793
58 62 0.32387415175817397
58 63 0.2011104256631709
58 64 0.22146822948797038
58 65 0.25354719309068474
59 62 0.3366238894373149
59 63 0.21520236920039487
59 64 0.16683119447186576
59 65 0.2813425468904245
60 62 0.2748091603053435
60 63 0.22041984732824427
60 64 0.26240458015267176
60 65 0.24236641221374045
61 62 0.2822458270106222
61 63 0.20637329286798178
61 64 0.19499241274658574
61 65 0.3163884673748103
62 66 0.30602883355176935
62 67 0.18414154652686762
62 68 0.24049803407601572
62 69 0.26933158584534733
63 66 0.3543457497612225
63 67 0.1977077363896848
63 68 0.16045845272206305
63 69 0.2874880611270296
64 66 0.29056603773584905
64 67 0.24622641509433962
64 68 0.20566037735849058
64 69 0.25754716981132075
65 66 0.2831016825164594
65 67 0.20848573518653987
65 68 0.23116313094367227
65 69 0.27724945135332846
66 70 0.35551206784083494
66 71 0.1578604044357469
66 72 0.21983039791258968
66 73 0.2667971298108284
67 70 0.3529980657640232
67 71 0.19632495164410058
67 72 0.14410058027079303
67 73 0.3065764023210832
68 70 0.33582787652011226
68 71 0.21141253507951357
68 72 0.1842843779232928
68 73 0.2684752104770814
69 70 0.2903225806451613
69 71 0.19648093841642228
69 72 0.20454545454545456
69 73 0.3086510263929619
70 74 0.4138138138138138
70 75 0.14534534534534535
70 76 0.17597597597597597
70 77 0.2648648648648649
71 74 0.3556975505857295
71 75 0.18636847710330137
71 76 0.14164004259850904
71 77 0.31629392971246006
72 74 0.3388773388773389
72 75 0.19126819126819128
72 76 0.17983367983367984
72 77 0.29002079002079
73 74 0.30474198047419804
73 75 0.17573221757322174
73 76 0.18898186889818688
73 77 0.3305439330543933
74 78 0.44400895856662936
74 79 0.13381858902575589
74 80 0.177491601343785
74 81 0.24468085106382978
75 78 0.3950762016412661
75 79 0.17584994138335286
75 80 0.14302461899179367
75 81 0.28604923798358733
76 78 0.34022988505747126
76 79 0.2
76 80 0.1724137931034483
76 81 0.28735632183908044
77 78 0.2944332662642522
77 79 0.18242790073775988
77 80 0.16968477531857815
77 81 0.3534540576794098
78 82 0.4316353887399464
78 83 0.13029490616621983
78 84 0.17479892761394103
78 85 0.26327077747989275
79 82 0.3784431137724551
79 83 0.19760479041916168
79 84 0.1341317365269461
79 85 0.2898203592814371
80 82 0.3859857482185273
80 83 0.15676959619952494
80 84 0.18052256532066507
80 85 0.27672209026128264
81 82 0.303840877914952
81 83 0.14883401920438957
81 84 0.1886145404663923
81 85 0.35871056241426613
82 86 0.37638962413975646
82 87 0.1598729486500794
82 88 0.21281101111699313
82 89 0.250926416093171
83 86 0.38837516512549536
83 87 0.18361955085865259
83 88 0.16380449141347425
83 89 0.26420079260237783
84 86 0.35722543352601155
84 87 0.176878612716763
84 88 0.20346820809248556
84 89 0.26242774566473986
85 86 0.30423102753525855
85 87 0.1732706514439221
85 88 0.1900604432505037
85 89 0.33243787777031564
86 90 0.3548387096774194
86 91 0.17034521788341822
86 92 0.22297679683078664
86 93 0.25183927560837577
87 90 0.3814553990610329
87 91 0.1772300469483568
87 92 0.16314553990610328
87 93 0.27816901408450706
88 90 0.34517766497461927
88 91 0.1746192893401015
88 92 0.2233502538071066
88 93 0.2568527918781726
89 90 0.29512893982808025
89 91 0.18982808022922637
89 92 0.19627507163323782
89 93 0.31876790830945556
90 94 0.3362676056338028
90 95 0.17488262910798122
90 96 0.24647887323943662
90 97 0.24237089201877934
91 94 0.3464566929133858
91 95 0.21822272215973004
91 96 0.1529808773903262
91 97 0.2823397075365579
92 94 0.3466407010710808
92 95 0.1937682570593963
92 96 0.1976630963972736
92 97 0.2619279454722493
93 94 0.28405797101449276
93 95 0.20072463768115942
93 96 0.2
93 97 0.31521739130434784
94 98 0.30939226519337015
94 99 0.17986494782074894
94 100 0.25168815224063845
94 101 0.2590546347452425
95 98 0.34607438016528924
95 99 0.18491735537190082
95 100 0.20867768595041322
95 101 0.2603305785123967
96 98 0.2811594202898551
96 99 0.23285024154589373
96 100 0.20193236714975846
96 101 0.28405797101449276
97 98 0.31432748538011696
97 99 0.17690058479532164
97 100 0.23318713450292397
97 101 0.27558479532163743
98 102 0.2916666666666667
98 103 0.2
98 104 0.23076923076923078
98 105 0.2775641025641026
99 102 0.35706806282722514
99 103 0.2157068062827225
99 104 0.16858638743455498
99 105 0.25863874345549737
100 102 0.25701754385964914
100 103 0.2929824561403509
100 104 0.21140350877192982
100 105 0.23859649122807017
101 102 0.29516728624535316
101 103 0.2133828996282528
101 104 0.21412639405204462
101 105 0.27732342007434946
102 106 0.29878869448183043
102 107 0.21063257065948857
102 108 0.21668909825033647
102 109 0.27388963660834453
103 106 0.35294117647058826
103 107 0.208955223880597
103 108 0.15891132572431957
103 109 0.2791922739244952
104 106 0.2866666666666667
104 107 0.20285714285714285
104 108 0.24666666666666667
104 109 0.2638095238095238
105 106 0.26490566037735847
105 107 0.19245283018867926
105 108 0.22641509433962265
105 109 0.31622641509433963
106 110 0.29572763684913217
106 111 0.22630173564753003
106 112 0.20427236315086783
106 113 0.27369826435246997
107 110 0.35132482826300293
107 111 0.17566241413150147
107 112 0.1874386653581943
107 113 0.2855740922473013
108 110 0.2919020715630885
108 111 0.2193973634651601
108 112 0.192090395480226
108 113 0.2966101694915254
109 110 0.24489795918367346
109 111 0.1956368754398311
109 112 0.20337790288529206
109 113 0.35608726249120337
110 114 0.33516106922549693
110 115 0.1782042494859493
110 116 0.1850582590815627
110 117 0.3015764222069911
111 114 0.36054421768707484
111 115 0.2001943634596696
111 116 0.14965986394557823
111 117 0.28960155490767736
112 114 0.31414141414141417
112 115 0.2292929292929293
112 116 0.14444444444444443
112 117 0.31212121212121213
113 114 0.28055190538764785
113 115 0.19842312746386334
113 116 0.18331143232588698
113 117 0.33771353482260186
114 118 0.37922403003754696
114 119 0.11702127659574468
114 120 0.1739674593241552
114 121 0.32978723404255317
115 118 0.3336683417085427
115 119 0.20402010050251257
115 120 0.10854271356783919
115 121 0.35376884422110555
116 118 0.36997635933806144
116 119 0.21631205673758866
116 120 0.1595744680851064
116 121 0.2541371158392435
117 118 0.30557335041639977
117 119 0.15118513773222295
117 120 0.16527866752082
117 121 0.3779628443305573
118 122 0.42592592592592593
118 123 0.12268518518518519
118 124 0.15046296296296297
118 125 0.30092592592592593
119 122 0.38813349814585907
119 123 0.15451174289245984
119 124 0.12978986402966625
119 125 0.32756489493201485
120 122 0.3722721437740693
120 123 0.1514762516046213
120 124 0.1810012836970475
120 125 0.2952503209242619
121 122 0.2862232779097387
121 123 0.1508313539192399
121 124 0.15617577197149643
121 125 0.40676959619952496
122 126 0.41877058177826565
122 127 0.1322722283205269
122 128 0.16630076838638858
122 129 0.2826564215148189
123 126 0.4019746121297602
123 127 0.1607898448519041
123 128 0.10578279266572638
123 129 0.3314527503526093
124 126 0.34460338101430427
124 127 0.18335500650195058
124 128 0.21326397919375814
124 129 0.258777633289987
125 126 0.2958823529411765
125 127 0.15823529411764706
125 128 0.15823529411764706
125 129 0.3876470588235294
126 130 0.3766519823788546
126 131 0.15528634361233482
126 132 0.1751101321585903
126 133 0.29295154185022027
127 130 0.3437908496732026
127 131 0.17124183006535948
127 132 0.16862745098039217
127 133 0.31633986928104574
128 130 0.3366214549938348
128 131 0.2096177558569667
128 132 0.1935881627620222
128 133 0.2601726263871763
129 130 0.2767412935323383
129 131 0.17164179104477612
129 132 0.17350746268656717
129 133 0.3781094527363184
130 134 0.3471471471471472
130 135 0.17597597597597597
130 136 0.1975975975975976
130 137 0.27927927927927926
131 134 0.33993015133876603
131 135 0.1979045401629802
131 136 0.17345750873108265
131 137 0.28870779976717115
132 134 0.3272933182332956
132 135 0.21857304643261607
132 136 0.19479048697621745
132 137 0.25934314835787087
133 134 0.24921531701192717
133 135 0.17451349654739484
133 136 0.22724419334588827
133 137 0.3490269930947897
134 138 0.3258354755784062
134 139 0.15938303341902313
134 140 0.2647814910025707
134 141 0.25
135 138 0.3340471092077088
135 139 0.2044967880085653
135 140 0.17558886509635974
135 141 0.28586723768736616
136 138 0.3132411067193676
136 139 0.20652173913043478
136 140 0.21936758893280633
136 141 0.2608695652173913
137 138 0.2857142857142857
137 139 0.20226969292389854
137 140 0.20627503337783712
137 141 0.30574098798397864
138 142 0.3177749360613811
138 143 0.19309462915601022
138 144 0.22826086956521738
138 145 0.2608695652173913
139 142 0.334384858044164
139 143 0.19873817034700317
139 144 0.20084121976866456
139 145 0.26603575184016826
140 142 0.3089430894308943
140 143 0.1996386630532972
140 144 0.22854561878952123
140 145 0.26287262872628725
141 142 0.28156748911465895
141 143 0.193033381712627
141 144 0.24383164005805516
141 145 0.28156748911465895
142 146 0.2828478964401295
142 147 0.21035598705501618
142 148 0.21941747572815534
142 149 0.287378640776699
143 146 0.35173824130879344
143 147 0.18609406952965235
143 148 0.14621676891615543
143 149 0.3159509202453988
144 146 0.2594547053649956
144 147 0.256816182937555
144 148 0.1820580474934037
144 149 0.3016710642040457
145 146 0.27611940298507465
145 147 0.19925373134328359
145 148 0.22238805970149253
145 149 0.30223880597014924
146 150 0.2669432918395574
146 151 0.20608575380359612
146 152 0.17012448132780084
146 153 0.35684647302904565
147 150 0.2626641651031895
147 151 0.2045028142589118
147 152 0.13602251407129456
147 153 0.3968105065666041
148 150 0.2006079027355623
148 151 0.232016210739615
148 152 0.182370820668693
148 153 0.3850050658561297
149 150 0.2678214523650899
149 151 0.2078614257161892
149 152 0.18187874750166555
149 153 0.34243837441705527
150 154 0.24170616113744076
150 155 0.18562401263823064
150 156 0.15165876777251186
150 157 0.42101105845181674
151 154 0.31031220435193946
151 155 0.1986754966887417
151 156 0.10028382213812677
151 157 0.39072847682119205
152 154 0.2014218009478673
152 155 0.2677725118483412
152 156 0.12203791469194313
152 157 0.4087677725118483
153 154 0.27823240589198034
153 155 0.19148936170212766
153 156 0.1751227495908347
153 157 0.35515548281505727
154 158 0.3576864535768645
154 159 0.15905631659056316
154 160 0.15144596651445966
154 161 0.3318112633181126
155 158 0.4334637964774951
155 159 0.1643835616438356
155 160 0.10273972602739725
155 161 0.299412915851272
156 158 0.30055401662049863
156 159 0.19390581717451524
156 160 0.12880886426592797
156 161 0.3767313019390582
157 158 0.309989701338826
157 159 0.1400617919670443
157 160 0.20185375901132852
157 161 0.34809474768280124
158 162 0.42494226327944573
158 163 0.1564665127020785
158 164 0.15762124711316397
158 165 0.26096997690531176
159 162 0.46261089987325726
159 163 0.16983523447401774
159 164 0.08238276299112801
159 165 0.28517110266159695
160 162 0.3523447401774398
160 163 0.20532319391634982
160 164 0.1520912547528517
160 165 0.2902408111533587
161 162 0.34023668639053256
161 163 0.15325443786982249
161 164 0.14970414201183432
161 165 0.35680473372781063
162 166 0.4498464687819857
162 167 0.14534288638689866
162 168 0.1632548618219038
162 169 0.24155578300921188
163 166 0.3789346246973366
163 167 0.2106537530266344
163 168 0.0774818401937046
163 169 0.33292978208232443
164 166 0.33052039381153303
164 167 0.24472573839662448
164 168 0.15611814345991562
164 169 0.26863572433192684
165 166 0.317428760768721
165 167 0.18223989396951623
165 168 0.15374420145791914
165 169 0.3465871438038436
166 170 0.4454354669464848
166 171 0.15267576075550893
166 172 0.17103882476390347
166 173 0.23084994753410285
167 170 0.3539140022050717
167 171 0.18412348401323042
167 172 0.1422271223814774
167 173 0.3197353914002205
168 170 0.38292011019283745
168 171 0.1721763085399449
168 172 0.18457300275482094
168 173 0.2603305785123967
169 170 0.2867898699520876
169 171 0.17727583846680356
169 172 0.16563997262149213
169 173 0.3702943189596167
170 174 0.36261381896089984
170 175 0.19014461703267274
170 176 0.19603642206748795
170 177 0.2512051419389395
171 174 0.3669833729216152
171 175 0.19121140142517815
171 176 0.14014251781472684
171 177 0.3016627078384798
172 174 0.35980746089049337
172 175 0.1684717208182912
172 176 0.17689530685920576
172 177 0.29482551143200963
173 174 0.2684931506849315
173 175 0.20821917808219179
173 176 0.17876712328767122
173 177 0.3445205479452055
174 178 0.3076923076923077
174 179 0.2110912343470483
174 180 0.21049493142516398
174 181 0.27072152653548004
175 178 0.3333333333333333
175 179 0.21354166666666666
175 180 0.15104166666666666
175 181 0.3020833333333333
176 178 0.30269058295964124
176 179 0.1905829596412556
176 180 0.22533632286995517
176 181 0.28139013452914796
177 178 0.25968728755948334
177 179 0.2107409925220938
177 180 0.2202583276682529
177 181 0.30931339225016996
178 182 0.2701612903225806
178 183 0.2049731182795699
178 184 0.2271505376344086
178 185 0.2977150537634409
179 182 0.3012512030798845
179 183 0.21559191530317612
179 184 0.16843118383060635
179 185 0.314725697786333
180 182 0.2727272727272727
180 183 0.23264907135874877
180 184 0.17888563049853373
180 185 0.31573802541544477
181 182 0.2593103448275862
181 183 0.2
181 184 0.23241379310344829
181 185 0.3082758620689655
182 186 0.2708029197080292
182 187 0.2291970802919708
182 188 0.19343065693430658
182 189 0.30656934306569344
183 186 0.2913907284768212
183 187 0.22232734153263956
183 188 0.18353831598864712
183 189 0.30274361400189215
184 186 0.2633107454017425
184 187 0.23330106485963215
184 188 0.2245885769603098
184 189 0.2787996127783156
185 186 0.2538961038961039
185 187 0.21428571428571427
185 188 0.2461038961038961
185 189 0.2857142857142857
186 190 0.2757078986587183
186 191 0.19374068554396423
186 192 0.20864381520119224
186 193 0.32190760059612517
187 190 0.35982142857142857
187 191 0.18571428571428572
187 192 0.15803571428571428
187 193 0.29642857142857143
188 190 0.2308411214953271
188 191 0.2261682242990654
188 192 0.18317757009345795
188 193 0.3598130841121495
189 190 0.24659400544959129
189 191 0.2016348773841962
189 192 0.20708446866485014
189 193 0.3446866485013624
190 194 0.28726483357452964
190 195 0.1808972503617945
190 196 0.18958031837916064
190 197 0.3422575976845152
191 194 0.3379721669980119
191 195 0.18588469184890655
191 196 0.147117296222664
191 197 0.3290258449304175
192 194 0.258098223615465
192 195 0.2225705329153605
192 196 0.15778474399164055
192 197 0.361546499477534
193 194 0.25619335347432026
193 195 0.21450151057401812
193 196 0.19395770392749245
193 197 0.33534743202416917
194 198 0.3366477272727273
194 199 0.17045454545454544
194 200 0.17329545454545456
194 201 0.3196022727272727
195 198 0.34228855721393037
195 199 0.18109452736318407
195 200 0.12835820895522387
195 201 0.3482587064676617
196 198 0.3072562358276644
196 199 0.2222222222222222
196 200 0.1836734693877551
196 201 0.2868480725623583
197 198 0.25806451612903225
197 199 0.19941348973607037
197 200 0.1841642228739003
197 201 0.35835777126099705
198 202 0.4133420536298234
198 203 0.12622629169391758
198 204 0.17658600392413343
198 205 0.2838456507521256
199 202 0.3883089770354906
199 203 0.18997912317327767
199 204 0.1315240083507307
199 205 0.29018789144050106
200 202 0.34275618374558303
200 203 0.1978798586572438
200 204 0.2049469964664311
200 205 0.254416961130742
201 202 0.28125
201 203 0.19050480769230768
201 204 0.17487980769230768
201 205 0.35336538461538464
202 206 0.4276800907543959
202 207 0.10436755530346001
202 208 0.1497447532614861
202 209 0.31820760068065795
203 206 0.40232558139534885
203 207 0.18488372093023256
203 208 0.12674418604651164
203 209 0.28604651162790695
204 206 0.3704994192799071
204 207 0.15331010452961671
204 208 0.16957026713124274
204 209 0.30662020905923343
205 206 0.3080474934036939
205 207 0.15765171503957784
205 208 0.1629287598944591
205 209 0.3713720316622691
206 210 0.41304347826086957
206 211 0.13944856839872746
206 212 0.15535524920466595
206 213 0.292152704135737
207 210 0.3277310924369748
207 211 0.19607843137254902
207 212 0.13165266106442577
207 213 0.3445378151260504
208 210 0.3785900783289817
208 211 0.14490861618798956
208 212 0.1814621409921671
208 213 0.2950391644908616
209 210 0.2821297429620563
209 211 0.16829865361077112
209 212 0.1499388004895961
209 213 0.3996328029375765
210 214 0.36167800453514737
210 215 0.15249433106575963
210 216 0.17233560090702948
210 217 0.3134920634920635
211 214 0.29404309252217997
211 215 0.2217997465145754
211 216 0.15082382762991128
211 217 0.3333333333333333
212 214 0.3333333333333333
212 215 0.19714656290531776
212 216 0.19844357976653695
212 217 0.2710765239948119
213 214 0.24403341288782815
213 215 0.19331742243436753
213 216 0.18794749403341288
213 217 0.3747016706443914
214 218 0.30078125
214 219 0.17903645833333334
214 220 0.21875
214 221 0.3014322916666667
215 218 0.3521739130434783
215 219 0.17173913043478262
215 220 0.16521739130434782
215 221 0.3108695652173913
216 218 0.32323232323232326
216 219 0.18855218855218855
216 220 0.1739618406285073
216 221 0.31425364758698093
217 218 0.2964307320024198
217 219 0.1808832425892317
217 220 0.22444041137326073
217 221 0.2982456140350877
218 222 0.3388746803069054
218 223 0.17263427109974425
218 224 0.22250639386189258
218 225 0.2659846547314578
219 222 0.3977777777777778
219 223 0.15777777777777777
219 224 0.17333333333333334
219 225 0.27111111111111114
220 222 0.3067061143984221
220 223 0.1883629191321499
220 224 0.20611439842209073
220 225 0.2988165680473373
221 222 0.297634691195795
221 223 0.16557161629434955
221 224 0.24310118265440211
221 225 0.29369250985545337
222 226 0.36077481840193704
222 227 0.16404358353510895
222 228 0.20581113801452786
222 229 0.26937046004842613
223 226 0.4070175438596491
223 227 0.1871345029239766
223 228 0.17192982456140352
223 229 0.23391812865497075
224 226 0.3268698060941828
224 227 0.21606648199445982
224 228 0.17266851338873498
224 229 0.28439519852262235
225 226 0.2815602836879433
225 227 0.16666666666666666
225 228 0.24893617021276596
225 229 0.3028368794326241
226 230 0.3445427728613569
226 231 0.1663716814159292
226 232 0.14985250737463127
226 233 0.3392330383480826
227 230 0.32222222222222224
227 231 0.17222222222222222
227 232 0.1411111111111111
227 233 0.36444444444444446
228 230 0.30341463414634146
228 231 0.1824390243902439
228 232 0.1648780487804878
228 233 0.3492682926829268
229 230 0.2565217391304348
229 231 0.19492753623188405
229 232 0.22753623188405797
229 233 0.3210144927536232
230 234 0.3216374269005848
230 235 0.17673814165042234
230 236 0.17998700454840805
230 237 0.3216374269005848
231 234 0.3404255319148936
231 235 0.167973124300112
231 236 0.13101903695408734
231 237 0.36058230683090703
232 234 0.3125
232 235 0.2175925925925926
232 236 0.12384259259259259
232 237 0.3460648148148148
233 234 0.26115023474178406
233 235 0.20774647887323944
233 236 0.18896713615023475
233 237 0.3421361502347418
234 238 0.3051519154557464
234 239 0.15852047556142668
234 240 0.2562747688243065
234 241 0.2800528401585205
235 238 0.3132780082987552
235 239 0.21058091286307054
235 240 0.1400414937759336
235 241 0.3360995850622407
236 238 0.3219927095990279
236 239 0.20534629404617255
236 240 0.17618469015795868
236 241 0.29647630619684084
237 238 0.23602118893466745
237 239 0.2448499117127722
237 240 0.20659211300765157
237 241 0.3125367863449088
238 242 0.33916083916083917
238 243 0.17622377622377622
238 244 0.2048951048951049
238 245 0.27972027972027974
239 242 0.3560311284046693
239 243 0.19455252918287938
239 244 0.1303501945525292
239 245 0.31906614785992216
240 242 0.3277723258096173
240 243 0.21884200196270853
240 244 0.18056918547595682
240 245 0.2728164867517174
241 242 0.29415627051871307
241 243 0.1851608667104399
241 244 0.17071569271175313
241 245 0.3499671700590939
242 246 0.3355786895284752
242 247 0.1334966319657073
242 248 0.2241273729332517
242 249 0.30679730557256585
243 246 0.36363636363636365
243 247 0.1922675026123302
243 248 0.12121212121212122
243 249 0.322884012539185
244 246 0.31343283582089554
244 247 0.208955223880597
244 248 0.19632606199770378
244 249 0.28128587830080365
245 246 0.3027940220922677
245 247 0.1682910981156595
245 248 0.18128654970760233
245 249 0.3476283300844704
246 250 0.345565749235474
246 251 0.17737003058103976
246 252 0.181651376146789
246 253 0.29541284403669726
247 250 0.3238434163701068
247 251 0.22182680901542112
247 252 0.11981020166073547
247 253 0.33451957295373663
248 250 0.3283261802575107
248 251 0.21351931330472104
248 252 0.1888412017167382
248 253 0.26931330472103004
249 250 0.279874213836478
249 251 0.18742138364779873
249 252 0.19056603773584907
249 253 0.3421383647798742
250 254 0.3524229074889868
250 255 0.18376337319068597
250 256 0.18879798615481436
250 257 0.2750157331655129
251 254 0.32546201232032856
251 255 0.18583162217659138
251 256 0.15195071868583163
251 257 0.33675564681724846
252 254 0.3238312428734322
252 255 0.20410490307867732
252 256 0.19384264538198404
252 257 0.2782212086659065
253 254 0.2724358974358974
253 255 0.18653846153846154
253 256 0.2108974358974359
253 257 0.3301282051282051
254 258 0.3266078184110971
254 259 0.17023959646910466
254 260 0.19230769230769232
254 261 0.3108448928121059
255 258 0.3457051961823966
255 259 0.17497348886532343
255 260 0.16118769883351008
255 261 0.3181336161187699
256 258 0.35163674762407604
256 259 0.21436114044350582
256 260 0.1921858500527983
256 261 0.24181626187961985
257 258 0.27165354330708663
257 259 0.1725721784776903
257 260 0.223753280839895
257 261 0.3320209973753281
258 262 0.3104965430546826
258 263 0.20301697045883094
258 264 0.1791326209930861
258 265 0.3073538654934004
259 262 0.3973362930077691
259 263 0.17203107658157601
259 264 0.16315205327413984
259 265 0.26748057713651496
260 262 0.33877551020408164
260 263 0.2030612244897959
260 264 0.20408163265306123
260 265 0.2540816326530612
261 262 0.2755235602094241
261 263 0.193717277486911
261 264 0.2238219895287958
261 265 0.3069371727748691
262 266 0.2909657320872274
262 267 0.19314641744548286
262 268 0.19750778816199377
262 269 0.318380062305296
263 266 0.35354573484069884
263 267 0.1932168550873587
263 268 0.1510791366906475
263 269 0.302158273381295
264 266 0.2864476386036961
264 267 0.22381930184804927
264 268 0.1919917864476386
264 269 0.29774127310061604
265 266 0.2479281767955801
265 267 0.19889502762430938
265 268 0.2638121546961326
265 269 0.2893646408839779
266 270 0.2726017943409248
266 271 0.2028985507246377
266 272 0.20013802622498275
266 273 0.3243616287094548
267 270 0.3555776892430279
267 271 0.18127490039840638
267 272 0.150398406374502
267 273 0.31274900398406374
268 270 0.28170377541142305
268 271 0.21878025169409487
268 272 0.20522749273959343
268 273 0.2942884801548887
269 270 0.2701453104359313
269 271 0.22324966974900926
269 272 0.21070013210039631
269 273 0.29590488771466317
270 274 0.30991735537190085
270 275 0.19559228650137742
270 276 0.18801652892561985
270 277 0.30647382920110194
271 274 0.35384615384615387
271 275 0.19230769230769232
271 276 0.12211538461538461
271 277 0.3317307692307692
272 274 0.2757201646090535
272 275 0.21707818930041153
272 276 0.18518518518518517
272 277 0.3220164609053498
273 274 0.2643229166666667
273 275 0.22395833333333334
273 276 0.20833333333333334
273 277 0.3033854166666667
274 278 0.3445040214477212
274 279 0.14410187667560323
274 280 0.1970509383378016
274 281 0.314343163538874
275 278 0.3310875842155919
275 279 0.18286814244465832
275 280 0.1645813282001925
275 281 0.32146294513955725
276 278 0.3111111111111111
276 279 0.19333333333333333
276 280 0.15888888888888889
276 281 0.33666666666666667
277 278 0.24601657106437222
277 279 0.207138304652645
277 280 0.1975780752071383
277 281 0.3492670490758445
278 282 0.36811023622047245
278 283 0.16929133858267717
278 284 0.20144356955380577
278 285 0.26115485564304464
279 282 0.3329646017699115
279 283 0.19579646017699115
279 284 0.14823008849557523
279 285 0.3230088495575221
280 282 0.3028322440087146
280 283 0.2440087145969499
280 284 0.16230936819172112
280 285 0.2908496732026144
281 282 0.2702539298669891
281 283 0.17291414752116083
281 284 0.218863361547763
281 285 0.33796856106408707
282 286 0.35097668557025835
282 287 0.17013232514177692
282 288 0.1833648393194707
282 289 0.295526149968494
283 286 0.37142857142857144
283 287 0.1746031746031746
283 288 0.13862433862433862
283 289 0.31534391534391537
284 286 0.27205882352941174
284 287 0.22794117647058823
284 288 0.24054621848739496
284 289 0.25945378151260506
285 286 0.28891820580474936
285 287 0.16490765171503957
285 288 0.18733509234828497
285 289 0.35883905013192613
286 290 0.31090342679127725
286 291 0.17133956386292834
286 292 0.2130841121495327
286 293 0.30467289719626167
287 290 0.33370288248337027
287 291 0.20620842572062084
287 292 0.13303769401330376
287 293 0.3270509977827051
288 290 0.3048128342245989
288 291 0.20962566844919786
288 292 0.19893048128342247
288 293 0.28663101604278074
289 290 0.2894736842105263
289 291 0.15789473684210525
289 292 0.2092426187419769
289 293 0.3433889602053915
290 294 0.3294270833333333
290 295 0.17903645833333334
290 296 0.21223958333333334
290 297 0.279296875
291 294 0.36323366555924697
291 295 0.17718715393134
291 296 0.13067552602436322
291 297 0.3289036544850498
292 294 0.30390143737166325
292 295 0.21868583162217659
292 296 0.23408624229979466
292 297 0.2433264887063655
293 294 0.31379962192816635
293 295 0.18525519848771266
293 296 0.20163831127914303
293 297 0.29930686830497794
294 298 0.3488943488943489
294 299 0.15601965601965603
294 300 0.20823095823095822
294 301 0.2868550368550369
295 298 0.33970276008492567
295 299 0.1475583864118896
295 300 0.15711252653927812
295 301 0.35562632696390656
296 298 0.36794354838709675
296 299 0.1814516129032258
296 300 0.1693548387096774
296 301 0.28125
297 298 0.2885952712100139
297 299 0.1787204450625869
297 300 0.2148817802503477
297 301 0.31780250347705147
298 302 0.3255395683453237
298 303 0.16247002398081534
298 304 0.19184652278177458
298 305 0.32014388489208634
299 302 0.37710843373493974
299 303 0.15180722891566265
299 304 0.163855421686747
299 305 0.3072289156626506
300 302 0.33195020746887965
300 303 0.19605809128630705
300 304 0.17946058091286307
300 305 0.2925311203319502
301 302 0.27828348504551365
301 303 0.1684005201560468
301 304 0.2067620286085826
301 305 0.34655396618985695
302 306 0.29239401496259354
302 307 0.21384039900249377
302 308 0.1596009975062344
302 309 0.3341645885286783
303 306 0.32662721893491126
303 307 0.21775147928994082
303 308 0.1727810650887574
303 309 0.2828402366863905
304 306 0.307286166842661
304 307 0.21752903907074975
304 308 0.15945089757127773
304 309 0.31573389651531153
305 306 0.2300498753117207
305 307 0.18516209476309228
305 308 0.20448877805486285
305 309 0.3802992518703242
306 310 0.3209964412811388
306 311 0.2277580071174377
306 312 0.15231316725978647
306 313 0.298932384341637
307 310 0.38349514563106796
307 311 0.2058252427184466
307 312 0.12330097087378641
307 313 0.287378640776699
308 310 0.28376844494892167
308 311 0.2395005675368899
308 312 0.15096481271282633
308 313 0.3257661748013621
309 310 0.23931116389548693
309 311 0.23515439429928742
309 312 0.20546318289786222
309 313 0.32007125890736343
310 314 0.3208805870580387
310 315 0.15410273515677117
310 316 0.1914609739826551
310 317 0.333555703802535
311 314 0.35908691834942935
311 315 0.17120280948200176
311 316 0.14749780509218613
311 317 0.3222124670763828
312 314 0.32439024390243903
312 315 0.20121951219512196
312 316 0.1524390243902439
312 317 0.32195121951219513
313 314 0.27626459143968873
313 315 0.19844357976653695
313 316 0.2185473411154345
313 317 0.30674448767833984
314 318 0.36283185840707965
314 319 0.14854614412136535
314 320 0.1706700379266751
314 321 0.3179519595448799
315 318 0.3879598662207358
315 319 0.18171683389074694
315 320 0.13712374581939799
315 321 0.2931995540691193
316 318 0.37731733914940024
316 319 0.16357688113413305
316 320 0.15267175572519084
316 321 0.3064340239912759
317 318 0.29800498753117205
317 319 0.16084788029925187
317 320 0.18516209476309228
317 321 0.3559850374064838
318 322 0.3745704467353952
318 323 0.13344788087056128
318 324 0.14432989690721648
318 325 0.347651775486827
319 322 0.31017369727047145
319 323 0.19106699751861042
319 324 0.1401985111662531
319 325 0.358560794044665
320 322 0.3457831325301205
320 323 0.15542168674698795
320 324 0.17349397590361446
320 325 0.3253012048192771
321 322 0.2620519159456119
321 323 0.18046971569839307
321 324 0.14091470951792337
321 325 0.41656365883807167
322 326 0.38080495356037153
322 327 0.14551083591331268
322 328 0.15603715170278637
322 329 0.3176470588235294
323 326 0.31435643564356436
323 327 0.18935643564356436
323 328 0.14356435643564355
323 329 0.3527227722772277
324 326 0.35278154681139756
324 327 0.1723202170963365
324 328 0.15332428765264586
324 329 0.32157394843962006
325 326 0.25380434782608696
325 327 0.15760869565217392
325 328 0.1701086956521739
325 329 0.41847826086956524
326 330 0.35651629072681706
326 331 0.16290726817042606
326 332 0.18609022556390978
326 333 0.29448621553884713
327 330 0.35403726708074534
327 331 0.1813664596273292
327 332 0.1577639751552795
327 333 0.306832298136646
328 330 0.34005037783375314
328 331 0.20654911838790932
328 332 0.17380352644836272
328 333 0.2795969773299748
329 330 0.25872576177285317
329 331 0.1556786703601108
329 332 0.2110803324099723
329 333 0.3745152354570637
330 334 0.38152105593966057
330 335 0.16216216216216217
330 336 0.17976115650534255
330 337 0.2765556253928347
331 334 0.36780258519388953
331 335 0.18683901292596944
331 336 0.1809635722679201
331 337 0.26439482961222094
332 334 0.3340402969247084
332 335 0.22163308589607636
332 336 0.1792152704135737
332 337 0.2651113467656416
333 334 0.2891640866873065
333 335 0.16718266253869968
333 336 0.2260061919504644
333 337 0.3176470588235294
334 338 0.3396004700352526
334 339 0.1698002350176263
334 340 0.199764982373678
334 341 0.290834312573443
335 338 0.3794642857142857
335 339 0.17857142857142858
335 340 0.17410714285714285
335 341 0.26785714285714285
336 338 0.3316221765913758
336 339 0.21457905544147843
336 340 0.1704312114989733
336 341 0.28336755646817247
337 338 0.2969187675070028
337 339 0.18487394957983194
337 340 0.23599439775910364
337 341 0.2822128851540616
338 342 0.3033033033033033
338 343 0.2072072072072072
338 344 0.2078078078078078
338 345 0.2816816816816817
339 342 0.37093275488069416
339 343 0.17136659436008678
339 344 0.16377440347071584
339 345 0.29392624728850325
340 342 0.2962962962962963
340 343 0.23423423423423423
340 344 0.20520520520520522
340 345 0.26426426426426425
341 342 0.27015558698727016
341 343 0.18953323903818953
341 344 0.2694483734087694
341 345 0.2708628005657709
342 346 0.2813114754098361
342 347 0.22360655737704918
342 348 0.21114754098360655
342 349 0.2839344262295082
343 346 0.3572139303482587
343 347 0.1761194029850746
343 348 0.16318407960199005
343 349 0.3034825870646766
344 346 0.29732225300092335
344 347 0.21514312096029548
344 348 0.1948291782086796
344 349 0.29270544783010155
345 346 0.250901225666907
345 347 0.19610670511896178
345 348 0.2725306416726748
345 349 0.28046142754145637
346 350 0.2736625514403292
346 351 0.20919067215363513
346 352 0.2037037037037037
346 353 0.31344307270233196
347 350 0.3460410557184751
347 351 0.21700879765395895
347 352 0.13978494623655913
347 353 0.29716520039100686
348 350 0.2558139534883721
348 351 0.21953488372093025
348 352 0.21395348837209302
348 353 0.31069767441860463
349 350 0.27285318559556787
349 351 0.2236842105263158
349 352 0.23753462603878117
349 353 0.2659279778393352
350 354 0.3263009845288326
350 355 0.14838255977496484
350 356 0.2222222222222222
350 357 0.3030942334739803
351 354 0.31860036832412525
351 355 0.20626151012891344
351 356 0.1270718232044199
351 357 0.34806629834254144
352 354 0.29220138203356366
352 355 0.16584402764067127
352 356 0.1964461994076999
352 357 0.3455083909180652
353 354 0.2630155510480054
353 355 0.20148749154834347
353 356 0.23867478025693037
353 357 0.29682217714672077
354 358 0.3665551839464883
354 359 0.12173913043478261
354 360 0.19130434782608696
354 361 0.3204013377926421
355 358 0.3218645948945616
355 359 0.19089900110987792
355 360 0.13540510543840178
355 361 0.3518312985571587
356 358 0.2992047713717694
356 359 0.15904572564612326
356 360 0.1779324055666004
356 361 0.36381709741550694
357 358 0.24780976220275344
357 359 0.19086357947434293
357 360 0.19586983729662077
357 361 0.36545682102628285
358 362 0.3745928338762215
358 363 0.14462540716612377
358 364 0.19022801302931597
358 365 0.29055374592833877
359 362 0.3528693528693529
359 363 0.2039072039072039
359 364 0.09523809523809523
359 365 0.34798534798534797
360 362 0.32222222222222224
360 363 0.16666666666666666
360 364 0.17333333333333334
360 365 0.3377777777777778
361 362 0.2502863688430699
361 363 0.1775486827033219
361 364 0.15463917525773196
361 365 0.4175257731958763
362 366 0.3670647391577624
362 367 0.1169076052796983
362 368 0.18478944060339408
362 369 0.3312382149591452
363 366 0.3168433451118963
363 367 0.17196702002355713
363 368 0.10011778563015312
363 369 0.4110718492343934
364 366 0.3278894472361809
364 367 0.14949748743718594
364 368 0.16331658291457288
364 369 0.3592964824120603
365 366 0.23526077097505668
365 367 0.14852607709750568
365 368 0.14399092970521543
365 369 0.4722222222222222
366 370 0.3642903858731197
366 371 0.13080444735120994
366 372 0.19162851536952255
366 373 0.3132766514061478
367 370 0.32959326788218796
367 371 0.16830294530154277
367 372 0.11360448807854137
367 373 0.3884992987377279
368 370 0.3486238532110092
368 371 0.17169069462647443
368 372 0.13892529488859764
368 373 0.34076015727391873
369 370 0.2786967418546366
369 371 0.13333333333333333
369 372 0.15639097744360902
369 373 0.43157894736842106
370 374 0.4045848822800496
370 375 0.13878562577447337
370 376 0.17534076827757125
370 377 0.2812887236679058
371 374 0.4351464435146444
371 375 0.15620641562064155
371 376 0.1101813110181311
371 377 0.298465829846583
372 374 0.34974747474747475
372 375 0.17929292929292928
372 376 0.16035353535353536
372 377 0.3106060606060606
373 374 0.3319126265316995
373 375 0.12306872669152903
373 376 0.20937666489078316
373 377 0.33564198188598826
374 378 0.38873994638069703
374 379 0.17855227882037533
374 380 0.2026809651474531
374 381 0.23002680965147454
375 378 0.5345557122708039
375 379 0.12834978843441466
375 380 0.12693935119887165
375 381 0.21015514809590974
376 378 0.34467120181405897
376 379 0.1655328798185941
376 380 0.18594104308390022
376 381 0.30385487528344673
377 378 0.39702072538860106
377 379 0.10233160621761658
377 380 0.2655440414507772
377 381 0.23510362694300518
378 382 0.3503216229589312
378 383 0.18951014349332013
378 384 0.20732310737258783
378 385 0.2528451261751608
379 382 0.385989010989011
379 383 0.19093406593406592
379 384 0.13736263736263737
379 385 0.2857142857142857
380 382 0.30806142034548945
380 383 0.2236084452975048
380 384 0.1948176583493282
380 385 0.27351247600767753
381 382 0.3316790736145575
381 383 0.1555004135649297
381 384 0.23573200992555832
381 385 0.2770885028949545
382 386 0.2688486265341905
382 387 0.2033898305084746
382 388 0.24547048509643482
382 389 0.2822910578609001
383 386 0.3170731707317073
383 387 0.22269353128313893
383 388 0.15588547189819724
383 389 0.30434782608695654
384 386 0.29890764647467727
384 387 0.23833167825223436
384 388 0.211519364448858
384 389 0.2512413108242304
385 386 0.2770724421209858
385 387 0.1896938013442868
385 388 0.2352501867064974
385 389 0.29798356982823004
386 390 0.2718378756114605
386 391 0.21453529000698812
386 392 0.20335429769392033
386 393 0.31027253668763105
387 390 0.314638783269962
387 391 0.23193916349809887
387 392 0.1397338403041825
387 393 0.31368821292775667
388 390 0.26301369863013696
388 391 0.2328767123287671
388 392 0.1817351598173516
388 393 0.3223744292237443
389 390 0.2616033755274262
389 391 0.21237693389592124
389 392 0.22011251758087202
389 393 0.3059071729957806
390 394 0.3282608695652174
390 395 0.20652173913043478
390 396 0.19202898550724637
390 397 0.27318840579710146
391 394 0.29422382671480146
391 395 0.2003610108303249
391 396 0.16335740072202165
391 397 0.34205776173285196
392 394 0.2894736842105263
392 395 0.22631578947368422
392 396 0.17157894736842105
392 397 0.3126315789473684
393 394 0.24199743918053776
393 395 0.2093469910371319
393 396 0.20358514724711907
393 397 0.34507042253521125
394 398 0.3470670391061452
394 399 0.16061452513966482
394 400 0.17318435754189945
394 401 0.3191340782122905
395 398 0.2888465204957102
395 399 0.2259294566253575
395 400 0.14394661582459486
395 401 0.34127740705433746
396 398 0.2545846817691478
396 399 0.19633225458468176
396 400 0.16181229773462782
396 401 0.38727076591154264
397 398 0.2399497487437186
397 399 0.2022613065326633
397 400 0.2242462311557789
397 401 0.3335427135678392
398 402 0.3829337094499295
398 403 0.1318758815232722
398 404 0.19534555712270804
398 405 0.28984485190409026
399 402 0.34809474768280124
399 403 0.18640576725025745
399 404 0.1101956745623069
399 405 0.3553038105046344
400 402 0.33112582781456956
400 403 0.17439293598233996
400 404 0.17991169977924945
400 405 0.31456953642384106
401 402 0.29149560117302054
401 403 0.17712609970674487
401 404 0.18592375366568914
401 405 0.34545454545454546
402 406 0.4064362336114422
402 407 0.1299165673420739
402 408 0.14898688915375446
402 409 0.3146603098927294
403 406 0.30434782608695654
403 407 0.213768115942029
403 408 0.1316425120772947
403 409 0.3502415458937198
404 406 0.3414351851851852
404 407 0.19212962962962962
404 408 0.13425925925925927
404 409 0.33217592592592593
405 406 0.2552147239263804
405 407 0.16503067484662576
405 408 0.1736196319018405
405 409 0.40613496932515336
406 410 0.40486322188449847
406 411 0.12158054711246201
406 412 0.15623100303951368
406 413 0.31732522796352586
407 410 0.37710843373493974
407 411 0.14819277108433734
407 412 0.13373493975903614
407 413 0.3409638554216867
408 410 0.38522427440633245
408 411 0.18337730870712401
408 412 0.17018469656992086
408 413 0.2612137203166227
409 410 0.2942840973401245
409 411 0.166383701188455
409 412 0.1522354272778721
409 413 0.3870967741935484
410 414 0.3573422668900056
410 415 0.15633724176437744
410 416 0.1541038525963149
410 417 0.3322166387493021
411 414 0.32142857142857145
411 415 0.17195767195767195
411 416 0.15343915343915343
411 417 0.3531746031746032
412 414 0.34595300261096606
412 415 0.17754569190600522
412 416 0.195822454308094
412 417 0.28067885117493474
413 414 0.27741553052756374
413 415 0.16478956727919383
413 416 0.18494368701837582
413 417 0.37285121517486663
414 418 0.3620049504950495
414 419 0.16522277227722773
414 420 0.1967821782178218
414 421 0.275990099009901
415 418 0.3325242718446602
415 419 0.19902912621359223
415 420 0.154126213592233
415 421 0.3143203883495146
416 418 0.36885245901639346
416 419 0.18032786885245902
416 420 0.20140515222482436
416 421 0.24941451990632318
417 418 0.2825322391559203
417 419 0.17584994138335286
417 420 0.21570926143024619
417 421 0.32590855803048063
418 422 0.3073671497584541
418 423 0.19082125603864733
418 424 0.2143719806763285
418 425 0.28743961352657005
419 422 0.29265536723163843
419 423 0.18418079096045198
419 424 0.1807909604519774
419 425 0.3423728813559322
420 422 0.30456852791878175
420 423 0.21421319796954313
420 424 0.19796954314720813
420 425 0.283248730964467
421 422 0.2503392130257802
421 423 0.2062415196743555
421 424 0.23405698778833106
421 425 0.3093622795115332
422 426 0.2839248434237996
422 427 0.21085594989561587
422 428 0.21851078636047322
422 429 0.28670842032011135
423 426 0.2545271629778672
423 427 0.22032193158953722
423 428 0.1750503018108652
423 429 0.3501006036217304
424 426 0.25213270142180094
424 427 0.2502369668246445
424 428 0.2161137440758294
424 429 0.28151658767772514
425 426 0.2430647291941876
425 427 0.21400264200792601
425 428 0.23910171730515192
425 429 0.3038309114927345
426 430 0.26795366795366793
426 431 0.21544401544401545
426 432 0.21235521235521235
426 433 0.30424710424710427
427 430 0.2945945945945946
427 431 0.1981981981981982
427 432 0.18288288288288287
427 433 0.32432432432432434
428 430 0.274582560296846
428 431 0.22541743970315398
428 432 0.21335807050092764
428 433 0.28664192949907236
429 430 0.25972313777191824
429 431 0.1990771259063942
429 432 0.22874093605800924
429 433 0.31245880026367834
430 434 0.29765395894428154
430 435 0.21627565982404692
430 436 0.19134897360703812
430 437 0.29472140762463345
431 434 0.2978927203065134
431 435 0.2222222222222222
431 436 0.16379310344827586
431 437 0.3160919540229885
432 434 0.26919431279620853
432 435 0.26445497630331755
432 436 0.1819905213270142
432 437 0.2843601895734597
433 434 0.2641509433962264
433 435 0.20494469746258945
433 436 0.21860767729342875
433 437 0.3122966818477554
434 438 0.31414356787491116
434 439 0.18763326226012794
434 440 0.20184790334044064
434 441 0.29637526652452023
435 438 0.2836752899197145
435 439 0.22123104371097235
435 440 0.12845673505798394
435 441 0.3666369313113292
436 438 0.2604166666666667
436 439 0.22708333333333333
436 440 0.16666666666666666
436 441 0.3458333333333333
437 438 0.2208994708994709
437 439 0.24074074074074073
437 440 0.18452380952380953
437 441 0.35383597883597884
438 442 0.31101190476190477
438 443 0.17857142857142858
438 444 0.19047619047619047
438 445 0.31994047619047616
439 442 0.2906764168190128
439 443 0.18555758683729434
439 444 0.1480804387568556
439 445 0.3756855575868373
440 442 0.3264129181084198
440 443 0.2029988465974625
440 444 0.17185697808535177
440 445 0.29873125720876587
441 442 0.23539823008849559
441 443 0.19469026548672566
441 444 0.18112094395280237
441 445 0.3887905604719764
442 446 0.34132581100141046
442 447 0.15867418899858957
442 448 0.20239774330042312
442 449 0.29760225669957685
443 446 0.3013698630136986
443 447 0.18018967334035826
443 448 0.12539515279241306
443 449 0.39304531085353
444 446 0.2917620137299771
444 447 0.18993135011441648
444 448 0.16704805491990846
444 449 0.3512585812356979
445 446 0.22910744741330302
445 447 0.1665719158612848
445 448 0.16145537237066515
445 449 0.442865264354747
446 450 0.3172268907563025
446 451 0.14145658263305322
446 452 0.17857142857142858
446 453 0.3627450980392157
447 450 0.3017543859649123
447 451 0.17660818713450294
447 452 0.1497076023391813
447 453 0.3719298245614035
448 450 0.27870813397129185
448 451 0.18660287081339713
448 452 0.17105263157894737
448 453 0.36363636363636365
449 450 0.2578415736310473
449 451 0.1749069643806486
449 452 0.17012227538543329
449 453 0.39712918660287083
450 454 0.3463960811756473
450 455 0.15185444366689993
450 456 0.1609517144856543
450 457 0.34079776067179846
451 454 0.2947494033412888
451 455 0.16706443914081145
451 456 0.13007159904534607
451 457 0.4081145584725537
452 454 0.3132387706855792
452 455 0.17139479905437352
452 456 0.18557919621749408
452 457 0.32978723404255317
453 454 0.26020137784843667
453 455 0.1505034446210917
453 456 0.169051404345522
453 457 0.42024377318494965
454 458 0.3210947930574099
454 459 0.17423230974632845
454 460 0.18157543391188252
454 461 0.32309746328437916
455 458 0.3333333333333333
455 459 0.15776081424936386
455 460 0.1628498727735369
455 461 0.3460559796437659
456 458 0.31533742331288345
456 459 0.20613496932515338
456 460 0.16809815950920245
456 461 0.3104294478527607
457 458 0.2577590741714887
457 459 0.1693845344555497
457 460 0.19042609153077328
457 461 0.38243029984218835
458 462 0.3006711409395973
458 463 0.21140939597315436
458 464 0.18993288590604027
458 465 0.2979865771812081
459 462 0.31542857142857145
459 463 0.21142857142857144
459 464 0.15657142857142858
459 465 0.31657142857142856
460 462 0.27474972191323693
460 463 0.20689655172413793
460 464 0.19911012235817574
460 465 0.3192436040044494
461 462 0.23732718894009217
461 463 0.20046082949308755
461 464 0.21370967741935484
461 465 0.3485023041474654
462 466 0.3007953723788865
462 467 0.22631959508315258
462 468 0.19016630513376717
462 469 0.2827187274041938
463 466 0.269825918762089
463 467 0.21083172147001933
463 468 0.17117988394584138
463 469 0.3481624758220503
464 466 0.31752577319587627
464 467 0.2309278350515464
464 468 0.18556701030927836
464 469 0.26597938144329897
465 466 0.24178549287042778
465 467 0.21698698078115314
465 468 0.2306261624302542
465 469 0.3106013639181649
466 470 0.2871500358937545
466 471 0.1974156496769562
466 472 0.21751615218951903
466 473 0.2979181622397703
467 470 0.29773755656108597
467 471 0.2407239819004525
467 472 0.1420814479638009
467 473 0.3194570135746606
468 470 0.24495967741935484
468 471 0.23588709677419356
468 472 0.2056451612903226
468 473 0.31350806451612906
469 470 0.23576158940397351
469 471 0.22119205298013245
469 472 0.21125827814569537
469 473 0.33178807947019867
470 474 0.2740963855421687
470 475 0.2055722891566265
470 476 0.21009036144578314
470 477 0.3102409638554217
471 474 0.2840396753832281
471 475 0.1920649233543733
471 476 0.1460775473399459
471 477 0.37781785392245265
472 474 0.25127161749745675
472 475 0.2614445574771109
472 476 0.20956256358087488
472 477 0.2777212614445575
473 474 0.2518987341772152
473 475 0.19936708860759494
473 476 0.22151898734177214
473 477 0.32721518987341774
474 478 0.30513595166163143
474 479 0.2054380664652568
474 480 0.17069486404833836
474 481 0.3187311178247734
475 478 0.30340264650283555
475 479 0.2003780718336484
475 480 0.14839319470699433
475 481 0.34782608695652173
476 478 0.2728184553660983
476 479 0.23671013039117353
476 480 0.18756268806419257
476 481 0.3029087261785356
477 478 0.26588525601480567
477 479 0.21159777914867367
477 480 0.1906230721776681
477 481 0.33189389265885255
478 482 0.3333333333333333
478 483 0.15896358543417366
478 484 0.19747899159663865
478 485 0.31022408963585435
479 482 0.31138287864534336
479 483 0.20696142991533395
479 484 0.1354656632173095
479 485 0.34619002822201317
480 482 0.2923777019340159
480 483 0.21387940841865757
480 484 0.16040955631399317
480 485 0.3333333333333333
481 482 0.25214723926380367
481 483 0.18650306748466258
481 484 0.20368098159509201
481 485 0.3576687116564417
482 486 0.3389830508474576
482 487 0.1464406779661017
482 488 0.18169491525423728
482 489 0.3328813559322034
483 486 0.32161874334398294
483 487 0.1853035143769968
483 488 0.13205537806176784
483 489 0.3610223642172524
484 486 0.3225806451612903
484 487 0.1724137931034483
484 488 0.14794215795328142
484 489 0.35706340378198
485 486 0.2548903378778897
485 487 0.17190278601066983
485 488 0.1754593953764078
485 489 0.3977474807350326
486 490 0.3383705650459921
486 491 0.1366622864651774
486 492 0.17674113009198422
486 493 0.34822601839684625
487 490 0.3089820359281437
487 491 0.16167664670658682
487 492 0.10778443113772455
487 493 0.4215568862275449
488 490 0.3507917174177832
488 491 0.16321559074299635
488 492 0.14981729598051158
488 493 0.33617539585870887
489 490 0.2650933040614709
489 491 0.15587266739846323
489 492 0.15642151481888036
489 493 0.4226125137211855
490 494 0.35103626943005184
490 495 0.13860103626943004
490 496 0.16774611398963732
490 497 0.3426165803108808
491 494 0.3193166885676741
491 495 0.16819973718791065
491 496 0.1011826544021025
491 497 0.41130091984231276
492 494 0.3389830508474576
492 495 0.21903520208604954
492 496 0.14863102998696218
492 497 0.29335071707953064
493 494 0.258298755186722
493 495 0.16701244813278007
493 496 0.15560165975103735
493 497 0.4190871369294606
494 498 0.38107582631237846
494 499 0.14387556707712248
494 500 0.1659105638366818
494 501 0.30913804277381723
495 498 0.31490384615384615
495 499 0.15865384615384615
495 500 0.13341346153846154
495 501 0.39302884615384615
496 498 0.296
496 499 0.224
496 500 0.20266666666666666
496 501 0.2773333333333333
497 498 0.2581333333333333
497 499 0.16213333333333332
497 500 0.1808
497 501 0.3989333333333333
498 502 0.33226221079691515
498 503 0.16645244215938304
498 504 0.18251928020565553
498 505 0.31876606683804626
499 502 0.3389830508474576
499 503 0.19975786924939468
499 504 0.13317191283292978
499 505 0.3280871670702179
500 502 0.28205128205128205
500 503 0.2191142191142191
500 504 0.20512820512820512
500 505 0.2937062937062937
501 502 0.2375
501 503 0.18863636363636363
501 504 0.19886363636363635
501 505 0.375
502 506 0.3260123541523679
502 507 0.18943033630748113
502 508 0.20384351407000686
502 509 0.28071379547014413
503 506 0.3082627118644068
503 507 0.2330508474576271
503 508 0.1504237288135593
503 509 0.3082627118644068
504 506 0.3173913043478261
504 507 0.22826086956521738
504 508 0.18043478260869567
504 509 0.27391304347826084
505 506 0.25014889815366287
505 507 0.20667063728409768
505 508 0.20964860035735558
505 509 0.33353186420488384
506 510 0.3078484438430311
506 511 0.19891745602165087
506 512 0.2104194857916103
506 513 0.2828146143437077
507 510 0.27825261158594494
507 511 0.19373219373219372
507 512 0.15859449192782527
507 513 0.3694207027540361
508 510 0.2361546499477534
508 511 0.2831765935214211
508 512 0.18286311389759666
508 513 0.29780564263322884
509 510 0.24074074074074073
509 511 0.20502645502645503
509 512 0.22552910052910052
509 513 0.3287037037037037
510 514 0.28774289985052315
510 515 0.2040358744394619
510 516 0.21225710014947682
510 517 0.29596412556053814
511 514 0.29842446709916587
511 515 0.22335495829471733
511 516 0.164967562557924
511 517 0.3132530120481928
512 514 0.28772635814889336
512 515 0.21830985915492956
512 516 0.19617706237424548
512 517 0.2977867203219316
513 514 0.2303335431088735
513 515 0.22152297042164884
513 516 0.21082441787287604
513 517 0.33731906859660166
514 518 0.34142752023546724
514 519 0.1927888153053716
514 520 0.17292126563649743
514 521 0.29286239882266374
515 518 0.30009233610341646
515 519 0.19667590027700832
515 520 0.1440443213296399
515 521 0.3591874422899354
516 518 0.29536290322580644
516 519 0.23588709677419356
516 520 0.18346774193548387
516 521 0.2852822580645161
517 518 0.2547892720306513
517 519 0.2081736909323116
517 520 0.194125159642401
517 521 0.342911877394636
518 522 1.0
519 522 1.0
520 522 1.0
521 522 1.0
# 10 normal background states
522 523 1.0
523 524 1.0
524 525 1.0
525 526 1.0
526 527 1.0
527 528 1.0
528 529 1.0
529 530 1.0
530 531 1.0
